cam0:
  cam_overlaps: [1]
  camera_model: pinhole
  distortion_coeffs: [0.02905145037076966, 0.09266617946173006, -0.0049824296263161994, -0.000916535050951619]
  distortion_model: radtan
  intrinsics: [547.9751383813482, 549.1245635864236, 300.24727552332735, 260.1010041239559]
  resolution: [640, 480]
  rostopic: /color_left
cam1:
  T_cn_cnm1:
  - [0.9999952262375172, -0.0007553730850548768, -0.0029961498091804818, -0.05988390264715201]
  - [0.0006755472472161176, 0.9996471277233472, -0.02655491800738095, 0.0015752520005510085]
  - [0.0030151514213147385, 0.026552767199753798, 0.9996428659356011, -0.0043247870431757235]
  - [0.0, 0.0, 0.0, 1.0]
  cam_overlaps: [0]
  camera_model: pinhole
  distortion_coeffs: [0.048262877264614444, 0.020301434708042555, -0.0012078068776743738, 0.0007035362289454448]
  distortion_model: radtan
  intrinsics: [546.2610536214135, 546.9756599371967, 312.98509495587706, 255.98059939323207]
  resolution: [640, 480]
  rostopic: /color_right
